(8,9)73205.31391
(6,8)52497.40199
(2,4)48103.0893
(8,11)44998.30397
(5,7)32649.59859
(2,7)32000.73999
(1,2)31895.99097
(2,5)30485.8577
(5,6)29645.81967
(2,6)29056.65638
(7,8)28908.27646
(5,8)27539.78823
(2,8)26992.47895
(7,11)26673.7084
(4,7)25758.60866
(2,11)24905.99928
(4,5)24539.22248
(8,12)22915.79857
(4,8)21727.2695
(7,9)21697.00883
(11,12)21144.4404
(5,9)20669.89463
(2,9)20259.1135
(4,11)20047.78292
(6,9)19700.87348
(9,12)17199.37487
(9,11)16886.66219
(4,9)16307.32841
(1,5)16271.36282
(6,7)15559.47968
(1,8)14406.82505
(1,11)13293.19826
(1,4)12837.1461
(5,11)12705.50117
(2,12)12683.60832
(6,11)12109.85714
(4,6)11694.40208
(1,9)10812.99367
(4,12)10209.51713
(1,7)8539.954098
(2,3)8003.91904
(1,6)7754.274176
(3,8)7230.44231
(7,12)6791.915194
(5,12)6470.392878
(6,12)6167.055699
(3,9)5426.783946
(3,7)4285.999533
(3,5)4083.104701
(3,6)3891.685496
(2,10)3625.906783
(3,12)3397.542641
(8,10)3275.509121
(10,11)3022.316992
(4,10)2918.629816
(9,10)2458.422258
(7,10)1941.628183
(5,10)1849.713491
(6,10)1762.997448
(10,12)1539.142618
(3,10)971.2672135
(1,3)0.0
(1,12)0.0
(1,10)0.0
(3,11)0.0
(3,4)0.0
