0 1 999999 999999 999999 999999 999999 999999 999999 999999 999999 999999
1 0 1 1 1 1 1 1 999999 1 999999 999999
999999 1 0 999999 999999 999999 999999 999999 999999 999999 999999 999999
999999 1 999999 0 999999 999999 999999 999999 999999 999999 999999 999999
999999 1 999999 999999 0 1 1 1 999999 999999 999999 999999
999999 1 999999 999999 1 0 999999 1 999999 999999 999999 999999
999999 1 999999 999999 1 999999 0 1 999999 999999 999999 999999
999999 1 999999 999999 1 1 1 0 1 999999 1 1
999999 999999 999999 999999 999999 999999 999999 1 0 999999 999999 999999
999999 1 999999 999999 999999 999999 999999 999999 999999 0 999999 999999
999999 999999 999999 999999 999999 999999 999999 1 999999 999999 0 999999
999999 999999 999999 999999 999999 999999 999999 1 999999 999999 999999 0
