0.0 31895.9909707 0.0 12837.1461003 16271.3628194 7754.27417622 8539.95409824 14406.8250493 10812.993665 0.0 13293.1982608 0.0
0.0 0.0 8003.91904007 48103.0892979 30485.8577048 29056.6563803 32000.7399914 26992.4789525 20259.1135048 3625.90678314 24905.9992773 12683.6083194
0.0 0.0 0.0 0.0 4083.10470108 3891.68549603 4285.99953336 7230.44231012 5426.78394632 971.26721349 0.0 3397.54264138
0.0 0.0 0.0 0.0 24539.2224816 11694.4020796 25758.6086581 21727.2695017 16307.3284139 2918.62981551 20047.7829198 10209.5171286
0.0 0.0 0.0 0.0 0.0 29645.8196716 32649.5985887 27539.7882345 20669.8946296 1849.71349133 12705.5011708 6470.39287833
0.0 0.0 0.0 0.0 0.0 0.0 15559.4796828 52497.4019929 19700.8734832 1762.99744753 12109.857142 6167.05569944
0.0 0.0 0.0 0.0 0.0 0.0 0.0 28908.2764619 21697.0088261 1941.62818274 26673.7084036 6791.91519382
0.0 0.0 0.0 0.0 0.0 0.0 0.0 0.0 73205.3139055 3275.50912073 44998.303968 22915.7985678
0.0 0.0 0.0 0.0 0.0 0.0 0.0 0.0 0.0 2458.42225828 16886.6621924 17199.3748724
0.0 0.0 0.0 0.0 0.0 0.0 0.0 0.0 0.0 0.0 3022.31699198 1539.14261847
0.0 0.0 0.0 0.0 0.0 0.0 0.0 0.0 0.0 0.0 0.0 21144.440404
0.0 0.0 0.0 0.0 0.0 0.0 0.0 0.0 0.0 0.0 0.0 0.0
